	BDPA
94408,3	-0,00511296392177945
94407,9	-2,37873606133078E-4
94407,5	9,79931921089325E-4
94407,1	3,33243026801974E-4
94406,7	5,70589448998076E-4
94406,3	-1,26338483115941E-4
94405,9	-2,5646702850314E-5
94405,5	7,92824875982877E-4
94405,1	-2,07438623550451E-4
94404,7	4,99914936453647E-4
94404,3	-1,91908827836182E-4
94403,9	-0,00122791416489983
94403,5	1,06312538132829E-4
94403,1	7,77713880771575E-4
94402,7	-9,59929699808313E-4
94402,3	0,00115641797070441
94401,9	-1,06329739096776E-4
94401,5	-8,07911143437803E-5
94401,1	-0,00158108098713161
94400,7	2,67466941591375E-4
94400,3	-4,54793535522291E-4
94399,9	-3,63692869433961E-4
94399,5	9,60996309923703E-5
94399,1	-1,01169410623413E-5
94398,7	4,99914936453647E-4
94398,3	-0,00115683258179347
94397,9	9,99754957944054E-4
94397,5	4,09223376505157E-4
94397,1	-3,38360663697293E-4
94396,7	6,81707162490477E-4
94396,3	7,62796590772909E-4
94395,9	-2,27446994380333E-4
94395,5	-2,37659901520803E-4
94395,1	8,38378851825015E-4
94394,7	-2,47463023995455E-4
94394,3	4,39454009575646E-4
94393,9	6,81707162490477E-4
94393,5	-9,95058760212635E-4
94393,1	-3,05444516581687E-5
94392,7	-0,00106634506602042
94392,3	9,56839177825446E-5
94391,9	3,13021595959483E-4
94391,5	2,87688372433865E-4
94391,1	4,54369603259394E-4
94390,7	-3,58378389627326E-4
94390,3	-1,71688754045622E-4
94389,9	0,00102016175668799
94389,5	4,49258828365218E-4
94389,1	2,99168144828124E-5
94388,7	2,82790284363023E-4
94388,3	4,03917539346402E-4
94387,9	7,02132976771397E-4
94387,5	6,54529454490743E-5
94387,1	-3,23658096099859E-4
94386,7	9,13960773614142E-4
94386,3	8,43481323334288E-4
94385,9	-6,26576559331122E-4
94385,5	-4,5868472955785E-5
94385,1	7,52587076262286E-4
94384,7	0,00175755187136067
94384,3	-9,09059887107608E-4
94383,9	4,49881978380318E-4
94383,5	4,54573986697823E-4
94383,1	8,88822273090121E-4
94382,7	5,52404114978891E-5
94382,3	-4,29460651259654E-4
94381,9	-1,61680569606569E-4
94381,5	1,76775042379894E-4
94381,1	-1,3144925801011E-4
94380,7	8,05732618342226E-5
94380,3	-1,9252231741445E-4
94379,9	3,13021595959483E-4
94379,5	-5,96141882085182E-4
94379,1	-2,52575155941561E-4
94378,7	-8,93949231159288E-4
94378,3	-0,00128326465614664
94377,9	-1,36550711730433E-4
94377,5	-8,99264389491882E-4
94377,1	6,76605030244184E-4
94376,7	-5,86133019120161E-4
94376,3	8,89034281387485E-4
94375,9	6,1572703310443E-4
94375,5	2,22125313309581E-4
94375,1	-6,26780942769552E-4
94374,7	-1,61680569606569E-4
94374,3	3,99212817225226E-4
94373,9	-5,91031107191005E-4
94373,5	1,00590987764263E-4
94373,1	0,0011619261557237
94372,7	-2,42362927327062E-4
94372,3	5,80803034664506E-4
94371,9	9,79718555740022E-4
94371,5	-0,00115703628670592
94371,1	0,00121728732519629
94370,7	0,0018131153886938
94370,3	-0,0011719428984788
94369,9	-2,52575155941561E-4
94369,5	-5,30569501787047E-4
94369,1	0,00106591909817962
94368,7	0,00120215802690026
94368,3	2,27226767029895E-4
94367,9	4,03334265357314E-5
94367,5	1,56145183923534E-4
94367,1	7,88129475035545E-4
94366,7	-7,98155538964503E-4
94366,3	-4,59488936469623E-4
94365,9	-6,01244014331463E-4
94365,5	2,99168144828124E-5
94365,1	-7,09879918691297E-5
94364,7	7,52587076262286E-4
94364,3	5,09923799418667E-4
94363,9	-1,87003454169383E-4
94363,5	-4,19247065593236E-4
94363,1	6,71494255350016E-4
94362,7	7,01928932595957E-4
94362,3	-6,11252877296485E-4
94361,9	0,00114660383074099
94361,5	6,51272485244538E-4
94361,1	3,78584655083777E-4
94360,7	1,99079515178018E-5
94360,3	8,2815730203667E-4
94359,9	-2,5298392281842E-4
94359,5	-2,93223418853922E-4
94359,1	-0,0015861831193779
94358,7	4,64786893838282E-4
94358,3	1,21220846220621E-4
94357,9	0,00191422491774714
94357,5	4,99914936453647E-4
94357,1	9,07861689746813E-5
94356,7	5,50367678892596E-4
94356,3	5,10330530717627E-4
94355,9	0,00125263076873886
94355,5	4,64786893838282E-4
94355,1	4,14131125012833E-4
94354,7	-1,46560253221412E-4
94354,3	6,31254420051526E-4
94353,9	0,00116171448668931
94353,5	7,56658525895339E-5
94353,1	6,97032880103013E-4
94352,7	8,63499388527307E-4
94352,3	0,00105570619103916
94351,9	2,07005336187404E-4
94351,5	7,17252953893575E-4
94351,1	0,00178819821764098
94350,7	0,00144953093662014
94350,3	6,46578780612124E-4
94349,9	5,45879714750552E-4
94349,5	1,03054805887503E-5
94349,1	8,48193636388106E-4
94348,7	-4,84606759068037E-4
94348,3	9,1905358468658E-4
94347,9	4,19028534557706E-4
94347,5	-5,30163109751064E-4
94347,1	0,00131839447940875
94346,7	6,61689436560446E-4
94346,3	3,28547965117631E-4
94345,9	-2,77899736819293E-4
94345,5	0,00137354228353206
94345,1	8,18157420982525E-4
94344,7	8,79027114737384E-4
94344,3	0,00135353353951289
94343,9	7,92824875982877E-4
94343,5	0,00107592965745955
94343,1	3,63679739625811E-4
94342,7	1,96998508800292E-4
94342,3	-0,00100547503300258
94341,9	-2,37456196608335E-4
94341,5	-7,05815998331483E-5
94341,1	-2,47882129835108E-4
94340,7	-1,87420863694128E-4
94340,3	0,00149998367905909
94339,9	1,00590987764263E-4
94339,5	9,39488380878365E-4
94339,1	-8,081544022297E-4
94338,7	5,95718289085264E-4
94338,3	4,08815288154267E-4
94337,9	-1,97216361309843E-4
94337,5	-9,61075107824631E-5
94337,1	-4,54793535522291E-4
94336,7	-2,62788741607991E-4
94336,3	1,86579861169465E-4
94335,9	5,15237600699334E-4
94335,5	4,09223376505157E-4
94335,1	0,00150509445395326
94334,7	1,21220846220621E-4
94334,3	8,43276939895858E-4
94333,9	6,36366551997633E-4
94333,5	5,05025711347824E-4
94333,1	4,59674083366207E-4
94332,7	3,54360169908578E-5
94332,3	-4,54385447171404E-4
94331,9	-1,92114229063562E-4
94331,5	4,64786893838282E-4
94331,1	-5,09699266761103E-5
94330,7	4,79489461435707E-4
94330,3	4,59471735505676E-4
94329,9	5,00066121895803E-6
94329,5	-3,93924181030422E-4
94329,1	-1,46773279307726E-4
94328,7	1,56554968589334E-4
94328,3	0,00124260156711122
94327,9	2,7747583848269E-4
94327,5	-5,30364779085626E-4
94327,1	-5,61004179032973E-4
94326,7	-6,21465445173965E-4
94326,3	5,80803034664506E-4
94325,9	1,2633026406286E-4
94325,5	5,90811219103557E-4
94325,1	4,29443450295717E-4
94324,7	2,82790284363023E-4
94324,3	-6,26160846121298E-4
94323,9	-6,26160846121298E-4
94323,5	1,0100077243006E-4
94323,1	1,26536004553229E-4
94322,7	-2,93427802292349E-4
94322,3	-0,00115172112837332
94321,9	0,00102016175668799
94321,5	-2,033154451771E-5
94321,1	-9,10060570621387E-5
94320,7	9,14357844476258E-4
94320,3	-0,00128326465614664
94319,9	3,78790395574134E-4
94319,5	5,55274782800607E-4
94319,1	0,0012977663172673
94318,7	2,67466941591375E-4
94318,3	8,05732618342226E-5
94317,9	-1,26135795992421E-4
94317,5	-5,25671752979182E-4
94317,1	2,03160398686794E-5
94316,7	5,55274782800607E-4
94316,3	1,86783566081936E-4
94315,9	-5,10141991191207E-4
94315,5	3,84102161276903E-4
94315,1	1,3654317120333E-4
94314,7	6,16143424840224E-4
94314,3	2,97901279574324E-4
94313,9	-3,13037100608512E-4
94313,5	-2,221428535365E-4
94313,1	6,16143424840224E-4
94312,7	1,007950319397E-4
94312,3	7,4727022161477E-4
94311,9	1,56349228098973E-4
94311,5	7,56658525895339E-5
94311,1	-4,75015305627773E-4
94310,7	3,94112720556832E-4
94310,3	0,00152510353723541
94309,9	-7,2257426177505E-4
94309,5	5,70997537348966E-4
94309,1	3,63679739625811E-4
94308,7	0,00109125537507207
94308,3	5,70589448998076E-4
94307,9	8,5838793510716E-4
94307,5	4,79897549786596E-4
94307,1	-3,88814763188174E-4
94306,7	6,61689436560446E-4
94306,3	8,13250690263797E-4
94305,9	3,23030458924502E-4
94305,5	-3,63692869433961E-4
94305,1	0,00108103907530179
94304,7	0,00169198949076235
94304,3	-8,07911143437803E-5
94303,9	-4,24154814100912E-4
94303,5	-1,51468680255059E-4
94303,1	6,21041512911067E-4
94302,7	-5,05628561141701E-5
94302,3	4,89302922873172E-4
94301,9	-1,05504241221143E-4
94301,5	7,42372133543928E-4
94301,1	0,00212154203694433
94300,7	4,39045921224757E-4
94300,3	0,00153042039188292
94299,9	1,01031327282198E-5
94299,5	-5,20560638822025E-4
94299,1	4,19233935785084E-4
94298,7	1,21423194081153E-4
94298,3	-3,56555658153263E-5
94297,9	1,51451140028131E-4
94297,5	2,21921642323415E-4
94297,1	-9,61075107824631E-5
94296,7	0,0011163731976705
94296,3	0,00110616029053004
94295,9	-9,09477296632341E-4
94295,5	0,0014344226555127
94295,1	-4,19451788294643E-4
94294,7	2,01903882467083E-4
94294,3	7,98345774805832E-4
94293,9	7,57492449929074E-4
94293,5	-2,47463023995455E-4
94293,1	5,80394267787647E-4
94292,7	4,03917539346402E-4
94292,3	0,00112148261551274
94291,9	0,00103508735007155
94291,5	-2,01275003422703E-5
94291,1	0,00100505076147669
94290,7	-6,58861988858155E-5
94290,3	9,74626423193553E-4
94289,9	4,50274704311344E-5
94289,5	3,53669180345882E-4
94289,1	4,69276554295247E-4
94288,7	6,56383599401694E-4
94288,3	7,32159226403468E-4
94287,9	-4,49276029329164E-4
94287,5	-7,12361727823864E-4
94287,1	5,00066121895803E-6
94286,7	-3,99230018189163E-4
94286,3	1,06110190272309E-4
94285,9	2,57662122801804E-4
94285,5	-1,8210570536152E-4
94285,1	-4,65006442662749E-4
94284,7	-2,27242950204895E-4
94284,3	2,37236308520885E-4
94283,9	5,20538392036853E-6
94283,5	0,00136864453472419
94283,1	-5,45689818172193E-4
94282,7	1,11007599817182E-4
94282,3	5,54440824840551E-5
94281,9	-0,00103550196116061
94281,5	8,84127211405768E-4
94281,1	7,93027223843408E-4
94280,7	5,86117514471142E-4
94280,3	7,97935650877045E-4
94279,9	6,96827478875634E-4
94279,5	0,00105570619103916
94279,1	-1,66782023326891E-4
94278,7	-2,62788741607991E-4
94278,3	6,61891784420977E-4
94277,9	0,00135883801961972
94277,5	4,74174642366089E-4
94277,1	0,00107592965745955
94276,7	9,0904404319559E-4
94276,3	-1,3144925801011E-4
94275,9	-9,34800859721125E-4
94275,5	-2,77899736819293E-4
94275,1	-4,34165373380841E-4
94274,7	9,24368403756197E-4
94274,3	4,74592051890833E-4
94273,9	4,19233935785084E-4
94273,5	6,31254420051526E-4
94273,1	-0,00163683956672931
94272,7	-6,66604386332247E-4
94272,3	-1,1122782716762E-4
94271,9	2,11912745432103E-4
94271,5	-2,52575155941561E-4
94271,1	5,45471626399661E-4
94270,7	1,61256298080693E-4
94270,3	7,77713880771575E-4
94269,9	0,00120215802690026
94269,5	-2,98121167661783E-4
94269,1	-2,17651157501637E-4
94268,7	-3,13784661385324E-7
94268,3	-0,00102079905430019
94267,9	7,62593903649398E-4
94267,5	9,39488380878365E-4
94267,1	8,63704789754676E-4
94266,7	4,19028534557706E-4
94266,3	-2,5298392281842E-4
94265,9	2,67884351116117E-4
94265,5	-4,95033710083763E-4
94265,1	-7,37898656261943E-4
94264,7	-7,32583158666366E-4
94264,3	-1,4145744244916E-4
94263,9	-5,40376016891523E-4
94263,5	-1,61475846905159E-4
94263,1	-7,2257426177505E-4
94262,7	-4,79913393698616E-4
94262,3	9,64607560528719E-4
94261,9	-3,1324148404694E-4
94261,5	2,8810442490668E-4
94261,1	7,27261138332625E-4
94260,7	-7,2726800033376E-4
94260,3	-0,00121749755284691
94259,9	1,0100077243006E-4
94259,5	-5,81021565700025E-4
94259,1	-9,14374706177228E-4
94258,7	4,64582510399853E-4
94258,3	-8,03256992684826E-4
94257,9	-1,03226815526995E-5
94257,5	9,09902131501322E-5
94257,1	9,44385790423249E-4
94256,7	-0,00123281225297067
94256,3	0,00126774142468717
94255,9	5,80803034664506E-4
94255,5	9,39690728738896E-4
94255,1	3,03013411520431E-4
94254,7	-1,4166216515057E-4
94254,3	-1,56986186448186E-4
94253,9	-4,09034836978735E-4
94253,5	7,11937795560967E-4
94253,1	-0,00100077963205524
94252,7	-4,54587795031933E-4
94252,3	9,05821247992425E-5
94251,9	-4,39265470049234E-4
94251,5	3,53464796907454E-4
94251,1	3,03215080854993E-4
94250,7	2,57458078626355E-4
94250,3	5,96124681121245E-4
94249,9	7,72603105877397E-4
94249,5	0,00127774825207429
94249,1	4,08815288154267E-4
94248,7	4,58546646216773E-5
94248,3	-5,50587906243045E-4
94247,9	-8,73931505229257E-4
94247,5	-3,58786138715233E-4
94247,1	-8,28377529387109E-4
94246,7	1,007950319397E-4
94246,3	-1,46560253221412E-4
94245,9	-4,19247065593236E-4
94245,5	-4,54793535522291E-4
94245,1	-6,21259704683606E-4
94244,7	-1,91908827836182E-4
94244,3	-4,19451788294643E-4
94243,9	5,35461067119723E-4
94243,5	7,52587076262286E-4
94243,1	-2,32352368047132E-4
94242,7	-1,21032306694201E-4
94242,3	4,69685321172105E-4
94241,9	-9,6320910058061E-5
94241,5	-3,03436325994378E-4
94241,1	-9,09059887107608E-4
94240,7	6,81909510351009E-4
94240,3	-7,52600206070426E-4
94239,9	-1,46773279307726E-4
94239,5	0,00142441209623277
94239,1	8,63704789754676E-4
94238,7	1,66561795976452E-4
94238,3	3,48556369873806E-4
94237,9	2,0210792664253E-4
94237,5	9,6950443773319E-6
94237,1	-4,95440780645701E-4
94236,7	-6,41687215279434E-4
94236,3	-6,51493730383924E-4
94235,9	7,82815334491898E-4
94235,5	-1,46773279307726E-4
94235,1	-4,85024168592781E-4
94234,7	1,51247435115672E-4
94234,3	0,00105530915410333
94233,9	7,47891675314954E-4
94233,5	-4,24154814100912E-4
94233,1	8,05732618342226E-5
94232,7	-2,22549211646177E-4
94232,3	-6,11252877296485E-4
94231,9	1,81682112361611E-4
94231,5	4,34148172416904E-4
94231,1	4,08815288154267E-4
94230,7	6,76605030244184E-4
94230,3	6,81707162490477E-4
94229,9	3,78790395574134E-4
94229,5	-4,03509667626599E-5
94229,1	-8,07911143437803E-5
94228,7	-5,65911249014691E-4
94228,3	8,07750130103459E-4
94227,9	-7,32583158666366E-4
94227,5	-0,00112680599289842
94227,1	6,31254420051526E-4
94226,7	4,13926402311423E-4
94226,3	-7,68128950069454E-4
94225,9	3,73889254136445E-4
94225,5	-4,04545515784751E-4
94225,1	7,11937795560967E-4
94224,7	-1,56986186448186E-4
94224,3	-0,00114192563075761
94223,9	-3,68999385118675E-4
94223,5	8,05732618342226E-5
94223,1	-5,40782442853799E-4
94222,7	-0,00165685763192233
94222,3	-9,49707471493998E-4
94221,9	-3,08129352100833E-4
94221,5	1,007950319397E-4
94221,1	-0,00155574878139495
94220,7	-0,00127836690733879
94220,3	-0,00136436679823276
94219,9	4,01297216232711E-5
94219,5	-8,23479441316266E-4
94219,1	-0,00120237757572474
94218,7	-5,56106430225121E-4
94218,3	-9,69928902336499E-4
94217,9	-1,66782023326891E-4
94217,5	-2,07225224274863E-4
94217,1	-0,00176797534541473
94216,7	-6,61908985384915E-4
94216,3	-3,53480640819461E-4
94215,9	-0,00197529450018982
94215,5	-8,63922642264237E-4
94215,1	-1,8169931332555E-4
94214,7	-0,00173284662427339
94214,3	-0,0013237081963576
94213,9	-0,00116214706160009
94213,5	-0,00123792370639082
94213,1	-0,00190462998734521
94212,7	-0,00145975104502472
94212,3	-0,00194485978901758
94211,9	-0,00102569680310805
94211,5	-0,0012683573658478
94211,1	-0,00326849485105869
94210,7	-0,00143952961418223
94210,3	-6,61705619735435E-4
94209,9	-0,00115662819835504
94209,5	-0,00157597021223744
94209,1	-0,00272268378346437
94208,7	-0,0027782659431452
94208,3	-0,00267734252837186
94207,9	-0,00301562138117848
94207,5	-0,00177287343348558
94207,1	-0,00252067016051135
94206,7	-0,00247021775733538
94206,3	-0,00239933953987849
94205,9	-0,00289467054611196
94205,5	-0,00343026799411355
94205,1	-0,00304074090009181
94204,7	-0,00185887061027568
94204,3	-0,0036369770519402
94203,9	-0,00243429353741788
94203,5	-0,00428345224161526
94203,1	-0,00464724005933839
94202,7	-0,00344537865006187
94202,3	-0,00440457881807267
94201,9	-0,00407674488010352
94201,5	-0,0054052503720306
94201,1	-0,00545021153622008
94200,7	-0,00530413982518829
94200,3	-0,00636441155903108
94199,9	-0,00690004832730601
94199,5	-0,00875387379040313
94199,1	-0,00733447997994808
94198,7	-0,00798135563311516
94198,3	-0,0105419235075528
94197,9	-0,00929452608625585
94197,5	-0,0110777805875099
94197,1	-0,011759634809108
94196,7	-0,0138961203591616
94196,3	-0,0150633004559209
94195,9	-0,0172705440698206
94195,5	-0,0180534122338927
94195,1	-0,0198366633425169
94194,7	-0,0220542569632006
94194,3	-0,0245443843683687
94193,9	-0,0288583064193702
94193,5	-0,0315153174032243
94193,1	-0,0341318950247571
94192,7	-0,0382790720938646
94192,3	-0,04389629792363
94191,9	-0,0498667717653441
94191,5	-0,0575746922337525
94191,1	-0,0648490195872051
94190,7	-0,0742947693772842
94190,3	-0,0870897513427486
94189,9	-0,105274049606094
94189,5	-0,12691898567594
94189,1	-0,152767025858008
94188,7	-0,184442812971797
94188,3	-0,231546842809596
94187,9	-0,305175162341026
94187,5	-0,400846525249306
94187,1	-0,519159390898099
94186,7	-0,650275186029452
94186,3	-0,795707225790154
94185,9	-0,846240315787043
94185,5	-0,559287238215077
94185,1	0,0986869025771796
94184,7	0,718073196565684
94184,3	1
94183,9	0,939284377618137
94183,5	0,721154207480507
94183,1	0,527695176979217
94182,7	0,386798739884856
94182,3	0,290278199637506
94181,9	0,215573892351903
94181,5	0,161273159435117
94181,1	0,123241005340002
94180,7	0,0989953097092504
94180,3	0,0834169943220369
94179,9	0,0694404049302683
94179,5	0,0587866512305723
94179,1	0,0487399241214276
94178,7	0,0422135771530249
94178,3	0,0363084022183365
94177,9	0,0319947841913923
94177,5	0,0283634996853908
94177,1	0,0249582713334296
94176,7	0,0240797542016652
94176,3	0,019033056603601
94175,9	0,0186997314266453
94175,5	0,0162196052595833
94175,1	0,0153053306673815
94174,7	0,0129969705780955
94174,3	0,0119564769376268
94173,9	0,0118347255148394
94173,5	0,0101835005917302
94173,1	0,00814722552125247
94172,7	0,00855165753073217
94172,3	0,00832942210374737
94171,9	0,00825343277213333
94171,5	0,00652090335907744
94171,1	0,00643041973627052
94170,7	0,00596041271806038
94170,3	0,00550593562955807
94169,9	0,00477365993257754
94169,5	0,00435921829593529
94169,1	0,00372294872438147
94168,7	0,00207640648841588
94168,3	0,00258582860824641
94167,9	0,0028387024173896
94167,5	0,00217158804808432
94167,1	0,0021766988229785
94166,7	0,00187908653616897
94166,3	0,00175775591553611
94165,9	0,00203514677150315
94165,5	0,00117684378498533
94165,1	1,21220846220621E-4
94164,7	1,2633026406286E-4
94164,3	0,00168197825295645
94163,9	-1,5220769623543E-5
94163,5	0,00108082808479337
94163,1	0,00170220171937684
94162,7	4,54369603259394E-4
94162,3	3,08530239187601E-4
94161,9	0,00126814019186421
94161,5	8,33470764054359E-4
94161,1	2,36828559432974E-4
94160,7	2,37236308520885E-4
94160,3	0,00197468584462515
94159,9	0,00110086377454514
94159,5	6,36161829296224E-4
94159,1	-2,01275003422703E-5
94158,7	-7,63221540824755E-4
94158,3	-7,77934108122013E-4
94157,9	7,98345774805832E-4
94157,5	-7,58857406769826E-5
94157,1	0,00105591193152952
94156,7	-9,75040355756636E-4
94156,3	9,49487244143562E-4
94155,9	7,17661042244463E-4
94155,5	4,9971126546749E-4
94155,1	4,59471735505676E-4
94154,7	-2,2234554066002E-4
94154,3	2,77679509468855E-4
94153,9	-4,65006442662749E-4
94153,5	1,50008815360831E-5
94153,1	-0,00115172112837332
94152,7	0,00107613539794991
94152,3	8,78824766876854E-4
94151,9	-1,4186620932602E-4
94151,5	5,95718289085264E-4
94151,1	3,28336296083246E-4
94150,7	0,00104530025721201
94150,3	-3,7370410723986E-4
94149,9	0,00136374848223125
94149,5	-2,98121167661783E-4
94149,1	-8,84144412369716E-4
94148,7	8,56753940805135E-5
94148,3	-6,11252877296485E-4
94147,9	2,67466941591375E-4
94147,5	3,78992743434665E-4
94147,1	-1,15922888851961E-4
94146,7	3,99010469364697E-4
94146,3	6,05548573782315E-5
94145,9	-1,012189642026E-4
94145,5	8,93933047984288E-4
94145,1	9,54801384687219E-4
94144,7	-5,35884660119643E-4
94144,3	-9,19486159597362E-4
94143,9	0,00102998555708825
94143,5	7,05643988692129E-5
94143,1	5,95718289085264E-4
94142,7	1,06110190272309E-4
94142,3	-9,08016736237093E-5
94141,9	2,17014538415403E-4
94141,5	6,11441077559916E-4
94141,1	9,4930252084179E-4
94140,7	1,26118595028486E-4
94140,3	-4,09034836978735E-4
94139,9	-7,60991060262863E-5
94139,5	-7,27481365683063E-4
94139,1	5,80394267787647E-4
94138,7	-4,1434965604835E-4
94138,3	5,05230434049233E-4
94137,9	4,03917539346402E-4
94137,5	1,51247435115672E-4
94137,1	1,66561795976452E-4
94136,7	-6,51493730383924E-4
94136,3	-3,68795680206213E-4
94135,9	9,64413176790113E-4
94135,5	-4,85024168592781E-4
94135,1	1,00590987764263E-4
94134,7	-0,00117214694265424
94134,3	-2,57677966713811E-4
94133,9	-4,90126300839073E-4
94133,5	0,00133861794582915
94133,1	-2,98121167661783E-4
94132,7	2,0210792664253E-4
94132,3	-8,09965155711608E-5
94131,9	1,26118595028486E-4
94131,5	7,37270679823604E-4
94131,1	-7,82831517666885E-4
94130,7	-4,54510634310512E-5
94130,3	-8,6107968991296E-5
94129,9	-2,98325211837224E-4
94129,5	-8,18377309069984E-4
94129,1	-2,62788741607991E-4
94128,7	-8,28590216210444E-4
94128,3	-0,00160640488948338
94127,9	-8,6107968991296E-5
94127,5	-0,00149018572227066
94127,1	-6,87445913822991E-4
94126,7	-6,76823222016723E-4
94126,3	8,53694230474748E-4
94125,9	-1,4145744244916E-4
94125,5	-7,42592021631375E-4
94125,1	0,00114149441289875
94124,7	7,42576516982347E-4
94124,3	6,54529454490743E-5
94123,9	2,82995007064432E-4
94123,5	3,78584655083777E-4
94123,1	2,22125313309581E-4
94122,7	-4,59895328505594E-4
94122,3	8,63499388527307E-4
94121,9	-8,38803123350904E-4
94121,5	-3,13445188959399E-4
94121,1	8,13250690263797E-4
94120,7	5,95921993997724E-4
94120,3	-1,82310088799949E-4
94119,9	7,83020057193306E-4
94119,5	8,99247188527946E-4
94119,1	-2,97917123486333E-4
94118,7	-5,40782442853799E-4
94118,3	-3,4367582202989E-4
94117,9	0,00106591909817962
94117,5	3,23030458924502E-4
94117,1	2,82790284363023E-4
94116,7	2,97697574661865E-4
94116,3	0,00109614973125011
94115,9	-3,3346325415241E-4
94115,5	-6,31474308138974E-4
94115,1	-2,7810340780545E-4
94114,7	-8,74135583331001E-4
94114,3	-8,33691975267441E-4
94113,9	-2,7810340780545E-4
94113,5	4,34148172416904E-4
94113,1	4,59471735505676E-4
94112,7	-3,03231942555961E-4
94112,3	-7,93248468982795E-4
94111,9	-8,68820730335081E-4
94111,5	5,70589448998076E-4
94111,1	3,78584655083777E-4
94110,7	2,42347083415051E-4
94110,3	0,00112108520538764
94109,9	-5,85717305910337E-4
94109,5	0,0012575268212318
94109,1	-8,6312013166746E-5
94108,7	0,00124260156711122
94108,3	1,61664386431581E-4
94107,9	-5,0033883479025E-4
94107,5	-3,03231942555961E-4
94107,1	1,0100077243006E-4
94106,7	1,16109053537505E-4
94106,3	2,22125313309581E-4
94105,9	-6,51696078244455E-4
94105,5	-3,53480640819461E-4
94105,1	-8,94153275334726E-4
94104,7	9,59496785634551E-4
94104,3	-0,00133862412930433
94103,9	-4,69698450980256E-4
94103,5	-1,012189642026E-4
94103,1	0,0010354861172486
94102,7	-4,74810582926353E-4
94102,3	7,62390198736937E-4
94101,9	3,48556369873806E-4
94101,5	7,98140034315474E-4
94101,1	1,92097367362603E-4
94100,7	1,96793107572914E-4
94100,3	9,69710371300971E-4
94099,9	2,72782099923972E-4
94099,5	2,12320833782992E-4
94099,1	-5,15663229277151E-4
94098,7	-5,91031107191005E-4
94098,3	3,07910821065314E-4
94097,9	-1,97011638608433E-4
94097,5	6,76605030244184E-4
94097,1	8,58901164817469E-5
94096,7	-2,1254038260746E-4
94096,3	-3,58378389627326E-4
94095,9	1,61256298080693E-4
94095,5	9,29080750736311E-4
94095,1	-1,97011638608433E-4
94094,7	5,90811219103557E-4
94094,3	3,93500927293483E-4
94093,9	-2,57677966713811E-4
94093,5	5,40561163788117E-4
94093,1	9,64811943967148E-4
94092,7	-5,86133019120161E-4
94092,3	5,35257022944284E-4
94091,9	-9,85456967809555E-4
94091,5	-2,6319649069589E-4
94091,1	7,68317489595873E-4
94090,7	-6,11456548282651E-4
94090,3	6,16143424840224E-4
94089,9	8,23261249543727E-4
94089,5	0,00147996629239204
94089,1	-8,08572490280414E-4
94088,7	-2,02327475467E-4
94088,3	-3,03397289567608E-5
94087,9	3,88593551975091E-4
94087,5	8,5838793510716E-4
94087,1	6,11032649946046E-4
94086,7	-2,32558108537491E-4
94086,3	7,52381675034907E-4
94085,9	7,27465861034034E-4
94085,5	0,00118175085496705
94085,1	1,26536004553229E-4
94084,7	1,61256298080693E-4
94084,3	3,68779836294206E-4
94083,9	-1,56773160361873E-4
94083,5	0,00141930267839052
94083,1	-5,22088856939566E-6
94082,7	-4,34165373380841E-4
94082,3	-2,97917123486333E-4
94081,9	6,97032880103013E-4
94081,5	9,899331591954E-4
94081,1	8,05732618342226E-5
94080,7	-5,91438856278913E-4
94080,3	5,60784630208506E-4
94079,9	3,78992743434665E-4
94079,5	4,79489461435707E-4
94079,1	8,78609705212641E-4
94078,7	6,56383599401694E-4
94078,3	-9,59051629219334E-5
94077,9	1,20812757869732E-4
94077,5	7,52381675034907E-4
94077,1	-5,30569501787047E-4
94076,7	-6,06151423576162E-4
94076,3	4,19233935785084E-4
94075,9	-9,69928902336499E-4
94075,5	1,96998508800292E-4
94075,1	4,85006967628843E-4
94074,7	6,06135240401173E-4
94074,3	4,74592051890833E-4
94073,9	4,39249965400206E-4
94073,5	6,41469362769885E-4
94073,1	1,50008815360831E-5
94072,7	3,78584655083777E-4
94072,3	6,41469362769885E-4
94071,9	-1,71688754045622E-4
94071,5	-4,60099711944024E-4
94071,1	-0,0015057037880439
94070,7	-1,06117052273442E-4
94070,3	-5,4249327448353E-6
94069,9	1,51653827151643E-4
94069,5	-3,18547015869007E-4
94069,1	7,2704845150929E-4
94068,7	-1,11025140044109E-4
94068,3	1,007950319397E-4
94067,9	8,28573015246496E-4
94067,5	0,00147996629239204
94067,1	7,83020057193306E-4
94066,7	1,99079515178018E-5
94066,3	1,36127457993497E-4
94065,9	4,49055123452756E-4
94065,5	7,67491991720241E-4
94065,1	-2,62788741607991E-4
94064,7	-5,35476911031732E-4
94064,3	-0,00141460413974452
94063,9	-6,26780942769552E-4
94063,5	-7,67711540544719E-4
94063,1	-2,05355886931591E-5
94062,7	3,53261091994994E-4
94062,3	0,00179330170693921
94061,9	-2,52275970106539E-5
94061,5	3,83695769240933E-4
94061,1	5,85915166610612E-4
94060,7	4,69480598470696E-4
94060,3	3,13021595959483E-4
94059,9	-7,27685409858502E-4
94059,5	0,00107592965745955
94059,1	-9,29485701388531E-4
94058,7	7,92824875982877E-4
94058,3	-1,15922888851961E-4
94057,9	-2,98538577186527E-4
94057,5	-4,34775809592263E-4
94057,1	-4,34367721241371E-4
94056,7	9,19268307087804E-4
94056,3	-5,22088856939566E-6
94055,9	-5,22088856939566E-6
94055,5	7,52789424122807E-4
94055,1	-3,83915996591371E-4
94054,7	-3,03026541328583E-4
94054,3	2,0210792664253E-4
94053,9	-1,92318612501992E-4
94053,5	-7,98155538964503E-4
94053,1	2,92799825854002E-4
94052,7	-6,26780942769552E-4
94052,3	8,09796538702031E-5
94051,9	-2,93223418853922E-4
94051,5	1,3163949385144E-4
94051,1	0,00105059677319691
94050,7	0,00101486554603978
94050,3	-0,00101568827940602
94049,9	-3,23454391187401E-4
94049,5	-4,19451788294643E-4
94049,1	-4,05533146231896E-5
94048,7	-4,85228246694526E-4
94048,3	6,06135240401173E-4
94047,9	2,37032230419141E-4
94047,5	8,54710106420841E-5
94047,1	6,01025822558936E-4
94046,7	5,05466729391816E-5
94046,3	8,38789315016793E-4
94045,9	6,96827478875634E-4
94045,5	6,46374736436683E-4
94045,1	-0,00119258173884603
94044,7	0,00126774142468717
94044,3	-7,12361727823864E-4
94043,9	-0,00122771045998737
94043,5	6,91920748156907E-4
94043,1	3,53464796907454E-4
94042,7	-4,19247065593236E-4
94042,3	1,96998508800292E-4
94041,9	-2,7810340780545E-4
94041,5	-3,28768870994037E-4
94041,1	0,00160109456516437
94040,7	-0,00194956284875014
94040,3	3,23236199414861E-4
94039,9	-3,08547440151537E-4
94039,5	4,09223376505157E-4
94039,1	0,00157086053946405
94038,7	-1,8169931332555E-4
94038,3	-1,31245213834671E-4
94037,9	0,00112658610481096
94037,5	2,11912745432103E-4
94037,1	7,83020057193306E-4
94036,7	-2,32352368047132E-4
94036,3	9,14156175141698E-4
94035,9	0,00107592965745955
94035,5	0,00114130765401908
94035,1	0,00129797002217976
94034,7	9,24164359580749E-4
94034,3	-3,43879866205342E-4
94033,9	1,96998508800292E-4
94033,5	3,03420821345351E-4
94033,1	3,03013411520431E-4
94032,7	0,0021468783138368
94032,3	6,0759580079642E-5
94031,9	-2,5646702850314E-5
94031,5	-6,46594624524132E-4
94031,1	-1,51468680255059E-4
94030,7	-2,83214555888911E-4
94030,3	-1,97011638608433E-4
94029,9	0,0010052554841781
94029,5	8,02833738947887E-4
94029,1	0,00188930876448328
94028,7	5,60579907507097E-4
94028,3	1,36127457993497E-4
94027,9	0,0013233049420203
94027,5	-0,00103550196116061
94027,1	1,36332180694914E-4
94026,7	-4,29258303399134E-4
94026,3	5,30146248050106E-4
94025,9	-9,29485701388531E-4
94025,5	5,09923799418667E-4
94025,1	4,19028534557706E-4
94024,7	-2,67484142555312E-4
94024,3	-5,00135163804085E-4
94023,9	0,00106591909817962
94023,5	-4,75015305627773E-4
94023,1	7,47685934824596E-4
94022,7	-8,07911143437803E-5
94022,3	-0,00104081681415652
94021,9	6,81909510351009E-4
94021,5	4,69480598470696E-4
94021,1	-3,18760008029017E-4
94020,7	6,11032649946046E-4
94020,3	-2,01919387116111E-4
94019,9	-3,79008587346675E-4
94019,5	-1,97011638608433E-4
94019,1	9,09463488298233E-4
94018,7	3,23236199414861E-4
94018,3	-7,07842869566694E-5
94017,9	-4,49886465540584E-4
94017,5	-3,23658096099859E-4
94017,1	-8,081544022297E-4
94016,7	0,00110636263839057
94016,3	-7,53008972947284E-4
94015,9	8,53694230474748E-4
94015,5	4,69480598470696E-4
94015,1	7,57492449929074E-4
94014,7	1,56349228098973E-4
94014,3	8,53295463297712E-4
94013,9	-4,95440780645701E-4
94013,5	0,00182864175785193
94013,1	8,6860084224762E-4
94012,7	-8,28172806685701E-4
94012,3	-4,2435919753934E-4
94011,9	-0,00107614920628402
94011,5	4,44360740294374E-4
94011,1	-2,77899736819293E-4
94010,7	-1,51671028115591E-4
94010,3	0,00142441209623277
94009,9	5,29941864611676E-4
94009,5	-2,9281702681795E-4
94009,1	6,16143424840224E-4
94008,7	-0,00130328204281369
94008,3	-8,53913779299225E-4
94007,9	1,36332180694914E-4
94007,5	-3,64101636310811E-4
94007,1	-9,34800859721125E-4
94006,7	-4,24562902451801E-4
94006,3	3,03265991486197E-5
94005,9	1,26118595028486E-4
94005,5	1,86997270694208E-4
94005,1	-6,58861988858155E-5
94004,7	1,007950319397E-4
94004,3	-6,58861988858155E-5
94003,9	9,55007125177577E-4
94003,5	1,16323097412768E-4
94003,1	-3,99230018189163E-4
94002,7	-1,21234654554732E-4
94002,3	2,47449894187306E-4
94001,9	-1,50180825000305E-5
94001,5	0,00118175085496705
94001,1	3,73482862100473E-4
94000,7	0,00111107634242262
94000,3	5,15645689050223E-4
93999,9	-4,56647680433265E-5
93999,5	7,17252953893575E-4
93999,1	4,19028534557706E-4
93998,7	4,94609438557884E-4
93998,3	-2,12132294256571E-4
93997,9	-2,17234765765844E-4
93997,5	8,53489847036318E-4
93997,1	1,11210286940693E-4
93996,7	-7,17269137068562E-4
93996,3	-5,35680615944203E-4
93995,9	9,64607560528719E-4
93995,5	-3,73906455100381E-4
93995,1	-0,00107125179673914
93994,7	2,01116564302612E-5
93994,3	-6,36379681805775E-4
93993,9	6,86817937384654E-4
93993,5	-3,53480640819461E-4
93993,1	1,31229369922653E-4
93992,7	-3,99024277698804E-4
93992,3	0,00114170608193314
93991,9	6,36568221332194E-4
93991,5	5,40154771752137E-4
93991,1	4,89702368576176E-4
93990,7	-3,28352479258244E-4
93990,3	9,49487244143562E-4
93989,9	-1,36550711730433E-4
93989,5	0,00114660383074099
93989,1	3,27928207732355E-4
93988,7	8,48193636388106E-4
93988,3	6,71697620999497E-4
93987,9	3,03265991486197E-5
93987,5	1,41238911413642E-4
93987,1	2,27226767029895E-4
93986,7	-4,80117098611075E-4
93986,3	-1,91908827836182E-4
93985,9	1,86783566081936E-4
93985,5	6,71902343700906E-4
93985,1	0,00123750739898685
93984,7	5,90811219103557E-4
93984,3	9,14156175141698E-4
93983,9	-3,03231942555961E-4
93983,5	6,36366551997633E-4
93983,1	7,27261138332625E-4
93982,7	-2,93223418853922E-4
93982,3	3,28336296083246E-4
93981,9	-6,01244014331463E-4
93981,5	0,0011263803643206
93981,1	-3,56555658153263E-5
93980,7	-2,50252491501224E-5
93980,3	2,0210792664253E-4
93979,9	-6,21259704683606E-4
93979,5	-1,97011638608433E-4
93979,1	-7,72823333227835E-4
93978,7	-6,41482492578025E-4
93978,3	4,95017526908773E-4
93977,9	4,74592051890833E-4
93977,5	4,04119887206934E-4
93977,1	0,00112598325953218
93976,7	2,52562026133409E-4
93976,3	1,46553730483259E-4
93975,9	4,94813482733333E-4
93975,5	5,19933001646666E-4
93975,1	5,30351649277484E-4
93974,7	0,00131329438274037
93974,3	-0,00116663875763497
93973,9	8,07779845356417E-5
93973,5	-5,35476911031732E-4
93973,1	7,01928932595957E-4
93972,7	-4,54793535522291E-4
93972,3	-3,58580737487856E-4
93971,9	1,71672570870623E-4
93971,5	-4,39673558400115E-4
93971,1	0,0012779509391978
93970,7	7,47685934824596E-4
93970,3	2,36828559432974E-4
93969,9	6,26152966331203E-4
93969,5	9,89746061052741E-4
93969,1	1,06110190272309E-4
93968,7	4,59471735505676E-4
93968,3	4,14131125012833E-4
